Mesh problem type: test; Points of mesh: 64; Faces of mesh: 108

Points of mesh: 64
0 3 (0 0 0)
1 3 (1 0 0)
2 3 (2 0 0)
3 3 (3 0 0)
4 3 (0 1 0)
5 3 (1 1 0)
6 3 (2 1 0)
7 3 (3 1 0)
8 3 (0 2 0)
9 3 (1 2 0)
10 3 (2 2 0)
11 3 (3 2 0)
12 3 (0 3 0)
13 3 (1 3 0)
14 3 (2 3 0)
15 3 (3 3 0)
16 3 (0 0 1)
17 3 (1 0 1)
18 3 (2 0 1)
19 3 (3 0 1)
20 3 (0 1 1)
21 3 (1 1 1)
22 3 (2 1 1)
23 3 (3 1 1)
24 3 (0 2 1)
25 3 (1 2 1)
26 3 (2 2 1)
27 3 (3 2 1)
28 3 (0 3 1)
29 3 (1 3 1)
30 3 (2 3 1)
31 3 (3 3 1)
32 3 (0 0 2)
33 3 (1 0 2)
34 3 (2 0 2)
35 3 (3 0 2)
36 3 (0 1 2)
37 3 (1 1 2)
38 3 (2 1 2)
39 3 (3 1 2)
40 3 (0 2 2)
41 3 (1 2 2)
42 3 (2 2 2)
43 3 (3 2 2)
44 3 (0 3 2)
45 3 (1 3 2)
46 3 (2 3 2)
47 3 (3 3 2)
48 3 (0 0 3)
49 3 (1 0 3)
50 3 (2 0 3)
51 3 (3 0 3)
52 3 (0 1 3)
53 3 (1 1 3)
54 3 (2 1 3)
55 3 (3 1 3)
56 3 (0 2 3)
57 3 (1 2 3)
58 3 (2 2 3)
59 3 (3 2 3)
60 3 (0 3 3)
61 3 (1 3 3)
62 3 (2 3 3)
63 3 (3 3 3)

Faces of mesh: 108
0 center 3 (0 0.5 0.5) area 1 normal vector 3 (-1 -0 0) owners 2 (0 -1) locationType Left
4 (0 16 20 4) 3 (0 0 0) 3 (0 0 1) 3 (0 1 1) 3 (0 1 0)
1 center 3 (0 1.5 0.5) area 1 normal vector 3 (-1 -0 0) owners 2 (3 -1) locationType Left
4 (4 20 24 8) 3 (0 1 0) 3 (0 1 1) 3 (0 2 1) 3 (0 2 0)
2 center 3 (0 2.5 0.5) area 1 normal vector 3 (-1 -0 0) owners 2 (6 -1) locationType Left
4 (8 24 28 12) 3 (0 2 0) 3 (0 2 1) 3 (0 3 1) 3 (0 3 0)
3 center 3 (0 0.5 1.5) area 1 normal vector 3 (-1 -0 0) owners 2 (9 -1) locationType Left
4 (16 32 36 20) 3 (0 0 1) 3 (0 0 2) 3 (0 1 2) 3 (0 1 1)
4 center 3 (0 1.5 1.5) area 1 normal vector 3 (-1 -0 0) owners 2 (12 -1) locationType Left
4 (20 36 40 24) 3 (0 1 1) 3 (0 1 2) 3 (0 2 2) 3 (0 2 1)
5 center 3 (0 2.5 1.5) area 1 normal vector 3 (-1 -0 0) owners 2 (15 -1) locationType Left
4 (24 40 44 28) 3 (0 2 1) 3 (0 2 2) 3 (0 3 2) 3 (0 3 1)
6 center 3 (0 0.5 2.5) area 1 normal vector 3 (-1 -0 0) owners 2 (18 -1) locationType Left
4 (32 48 52 36) 3 (0 0 2) 3 (0 0 3) 3 (0 1 3) 3 (0 1 2)
7 center 3 (0 1.5 2.5) area 1 normal vector 3 (-1 -0 0) owners 2 (21 -1) locationType Left
4 (36 52 56 40) 3 (0 1 2) 3 (0 1 3) 3 (0 2 3) 3 (0 2 2)
8 center 3 (0 2.5 2.5) area 1 normal vector 3 (-1 -0 0) owners 2 (24 -1) locationType Left
4 (40 56 60 44) 3 (0 2 2) 3 (0 2 3) 3 (0 3 3) 3 (0 3 2)
9 center 3 (1 0.5 0.5) area 1 normal vector 3 (-1 -0 0) owners 2 (0 1) locationType Internal
4 (1 17 21 5) 3 (1 0 0) 3 (1 0 1) 3 (1 1 1) 3 (1 1 0)
10 center 3 (1 1.5 0.5) area 1 normal vector 3 (-1 -0 0) owners 2 (3 4) locationType Internal
4 (5 21 25 9) 3 (1 1 0) 3 (1 1 1) 3 (1 2 1) 3 (1 2 0)
11 center 3 (1 2.5 0.5) area 1 normal vector 3 (-1 -0 0) owners 2 (6 7) locationType Internal
4 (9 25 29 13) 3 (1 2 0) 3 (1 2 1) 3 (1 3 1) 3 (1 3 0)
12 center 3 (1 0.5 1.5) area 1 normal vector 3 (-1 -0 0) owners 2 (9 10) locationType Internal
4 (17 33 37 21) 3 (1 0 1) 3 (1 0 2) 3 (1 1 2) 3 (1 1 1)
13 center 3 (1 1.5 1.5) area 1 normal vector 3 (-1 -0 0) owners 2 (12 13) locationType Internal
4 (21 37 41 25) 3 (1 1 1) 3 (1 1 2) 3 (1 2 2) 3 (1 2 1)
14 center 3 (1 2.5 1.5) area 1 normal vector 3 (-1 -0 0) owners 2 (15 16) locationType Internal
4 (25 41 45 29) 3 (1 2 1) 3 (1 2 2) 3 (1 3 2) 3 (1 3 1)
15 center 3 (1 0.5 2.5) area 1 normal vector 3 (-1 -0 0) owners 2 (18 19) locationType Internal
4 (33 49 53 37) 3 (1 0 2) 3 (1 0 3) 3 (1 1 3) 3 (1 1 2)
16 center 3 (1 1.5 2.5) area 1 normal vector 3 (-1 -0 0) owners 2 (21 22) locationType Internal
4 (37 53 57 41) 3 (1 1 2) 3 (1 1 3) 3 (1 2 3) 3 (1 2 2)
17 center 3 (1 2.5 2.5) area 1 normal vector 3 (-1 -0 0) owners 2 (24 25) locationType Internal
4 (41 57 61 45) 3 (1 2 2) 3 (1 2 3) 3 (1 3 3) 3 (1 3 2)
18 center 3 (2 0.5 0.5) area 1 normal vector 3 (-1 -0 0) owners 2 (1 2) locationType Internal
4 (2 18 22 6) 3 (2 0 0) 3 (2 0 1) 3 (2 1 1) 3 (2 1 0)
19 center 3 (2 1.5 0.5) area 1 normal vector 3 (-1 -0 0) owners 2 (4 5) locationType Internal
4 (6 22 26 10) 3 (2 1 0) 3 (2 1 1) 3 (2 2 1) 3 (2 2 0)
20 center 3 (2 2.5 0.5) area 1 normal vector 3 (-1 -0 0) owners 2 (7 8) locationType Internal
4 (10 26 30 14) 3 (2 2 0) 3 (2 2 1) 3 (2 3 1) 3 (2 3 0)
21 center 3 (2 0.5 1.5) area 1 normal vector 3 (-1 -0 0) owners 2 (10 11) locationType Internal
4 (18 34 38 22) 3 (2 0 1) 3 (2 0 2) 3 (2 1 2) 3 (2 1 1)
22 center 3 (2 1.5 1.5) area 1 normal vector 3 (-1 -0 0) owners 2 (13 14) locationType Internal
4 (22 38 42 26) 3 (2 1 1) 3 (2 1 2) 3 (2 2 2) 3 (2 2 1)
23 center 3 (2 2.5 1.5) area 1 normal vector 3 (-1 -0 0) owners 2 (16 17) locationType Internal
4 (26 42 46 30) 3 (2 2 1) 3 (2 2 2) 3 (2 3 2) 3 (2 3 1)
24 center 3 (2 0.5 2.5) area 1 normal vector 3 (-1 -0 0) owners 2 (19 20) locationType Internal
4 (34 50 54 38) 3 (2 0 2) 3 (2 0 3) 3 (2 1 3) 3 (2 1 2)
25 center 3 (2 1.5 2.5) area 1 normal vector 3 (-1 -0 0) owners 2 (22 23) locationType Internal
4 (38 54 58 42) 3 (2 1 2) 3 (2 1 3) 3 (2 2 3) 3 (2 2 2)
26 center 3 (2 2.5 2.5) area 1 normal vector 3 (-1 -0 0) owners 2 (25 26) locationType Internal
4 (42 58 62 46) 3 (2 2 2) 3 (2 2 3) 3 (2 3 3) 3 (2 3 2)
27 center 3 (3 0.5 0.5) area 1 normal vector 3 (-1 -0 0) owners 2 (2 -1) locationType Right
4 (3 19 23 7) 3 (3 0 0) 3 (3 0 1) 3 (3 1 1) 3 (3 1 0)
28 center 3 (3 1.5 0.5) area 1 normal vector 3 (-1 -0 0) owners 2 (5 -1) locationType Right
4 (7 23 27 11) 3 (3 1 0) 3 (3 1 1) 3 (3 2 1) 3 (3 2 0)
29 center 3 (3 2.5 0.5) area 1 normal vector 3 (-1 -0 0) owners 2 (8 -1) locationType Right
4 (11 27 31 15) 3 (3 2 0) 3 (3 2 1) 3 (3 3 1) 3 (3 3 0)
30 center 3 (3 0.5 1.5) area 1 normal vector 3 (-1 -0 0) owners 2 (11 -1) locationType Right
4 (19 35 39 23) 3 (3 0 1) 3 (3 0 2) 3 (3 1 2) 3 (3 1 1)
31 center 3 (3 1.5 1.5) area 1 normal vector 3 (-1 -0 0) owners 2 (14 -1) locationType Right
4 (23 39 43 27) 3 (3 1 1) 3 (3 1 2) 3 (3 2 2) 3 (3 2 1)
32 center 3 (3 2.5 1.5) area 1 normal vector 3 (-1 -0 0) owners 2 (17 -1) locationType Right
4 (27 43 47 31) 3 (3 2 1) 3 (3 2 2) 3 (3 3 2) 3 (3 3 1)
33 center 3 (3 0.5 2.5) area 1 normal vector 3 (-1 -0 0) owners 2 (20 -1) locationType Right
4 (35 51 55 39) 3 (3 0 2) 3 (3 0 3) 3 (3 1 3) 3 (3 1 2)
34 center 3 (3 1.5 2.5) area 1 normal vector 3 (-1 -0 0) owners 2 (23 -1) locationType Right
4 (39 55 59 43) 3 (3 1 2) 3 (3 1 3) 3 (3 2 3) 3 (3 2 2)
35 center 3 (3 2.5 2.5) area 1 normal vector 3 (-1 -0 0) owners 2 (26 -1) locationType Right
4 (43 59 63 47) 3 (3 2 2) 3 (3 2 3) 3 (3 3 3) 3 (3 3 2)
36 center 3 (0.5 0 0.5) area 1 normal vector 3 (0 1 0) owners 2 (0 -1) locationType Front
4 (0 16 17 1) 3 (0 0 0) 3 (0 0 1) 3 (1 0 1) 3 (1 0 0)
37 center 3 (1.5 0 0.5) area 1 normal vector 3 (0 1 0) owners 2 (1 -1) locationType Front
4 (1 17 18 2) 3 (1 0 0) 3 (1 0 1) 3 (2 0 1) 3 (2 0 0)
38 center 3 (2.5 0 0.5) area 1 normal vector 3 (0 1 0) owners 2 (2 -1) locationType Front
4 (2 18 19 3) 3 (2 0 0) 3 (2 0 1) 3 (3 0 1) 3 (3 0 0)
39 center 3 (0.5 0 1.5) area 1 normal vector 3 (0 1 0) owners 2 (9 -1) locationType Front
4 (16 32 33 17) 3 (0 0 1) 3 (0 0 2) 3 (1 0 2) 3 (1 0 1)
40 center 3 (1.5 0 1.5) area 1 normal vector 3 (0 1 0) owners 2 (10 -1) locationType Front
4 (17 33 34 18) 3 (1 0 1) 3 (1 0 2) 3 (2 0 2) 3 (2 0 1)
41 center 3 (2.5 0 1.5) area 1 normal vector 3 (0 1 0) owners 2 (11 -1) locationType Front
4 (18 34 35 19) 3 (2 0 1) 3 (2 0 2) 3 (3 0 2) 3 (3 0 1)
42 center 3 (0.5 0 2.5) area 1 normal vector 3 (0 1 0) owners 2 (18 -1) locationType Front
4 (32 48 49 33) 3 (0 0 2) 3 (0 0 3) 3 (1 0 3) 3 (1 0 2)
43 center 3 (1.5 0 2.5) area 1 normal vector 3 (0 1 0) owners 2 (19 -1) locationType Front
4 (33 49 50 34) 3 (1 0 2) 3 (1 0 3) 3 (2 0 3) 3 (2 0 2)
44 center 3 (2.5 0 2.5) area 1 normal vector 3 (0 1 0) owners 2 (20 -1) locationType Front
4 (34 50 51 35) 3 (2 0 2) 3 (2 0 3) 3 (3 0 3) 3 (3 0 2)
45 center 3 (0.5 1 0.5) area 1 normal vector 3 (0 1 0) owners 2 (0 3) locationType Internal
4 (4 20 21 5) 3 (0 1 0) 3 (0 1 1) 3 (1 1 1) 3 (1 1 0)
46 center 3 (1.5 1 0.5) area 1 normal vector 3 (0 1 0) owners 2 (1 4) locationType Internal
4 (5 21 22 6) 3 (1 1 0) 3 (1 1 1) 3 (2 1 1) 3 (2 1 0)
47 center 3 (2.5 1 0.5) area 1 normal vector 3 (0 1 0) owners 2 (2 5) locationType Internal
4 (6 22 23 7) 3 (2 1 0) 3 (2 1 1) 3 (3 1 1) 3 (3 1 0)
48 center 3 (0.5 1 1.5) area 1 normal vector 3 (0 1 0) owners 2 (9 12) locationType Internal
4 (20 36 37 21) 3 (0 1 1) 3 (0 1 2) 3 (1 1 2) 3 (1 1 1)
49 center 3 (1.5 1 1.5) area 1 normal vector 3 (0 1 0) owners 2 (10 13) locationType Internal
4 (21 37 38 22) 3 (1 1 1) 3 (1 1 2) 3 (2 1 2) 3 (2 1 1)
50 center 3 (2.5 1 1.5) area 1 normal vector 3 (0 1 0) owners 2 (11 14) locationType Internal
4 (22 38 39 23) 3 (2 1 1) 3 (2 1 2) 3 (3 1 2) 3 (3 1 1)
51 center 3 (0.5 1 2.5) area 1 normal vector 3 (0 1 0) owners 2 (18 21) locationType Internal
4 (36 52 53 37) 3 (0 1 2) 3 (0 1 3) 3 (1 1 3) 3 (1 1 2)
52 center 3 (1.5 1 2.5) area 1 normal vector 3 (0 1 0) owners 2 (19 22) locationType Internal
4 (37 53 54 38) 3 (1 1 2) 3 (1 1 3) 3 (2 1 3) 3 (2 1 2)
53 center 3 (2.5 1 2.5) area 1 normal vector 3 (0 1 0) owners 2 (20 23) locationType Internal
4 (38 54 55 39) 3 (2 1 2) 3 (2 1 3) 3 (3 1 3) 3 (3 1 2)
54 center 3 (0.5 2 0.5) area 1 normal vector 3 (0 1 0) owners 2 (3 6) locationType Internal
4 (8 24 25 9) 3 (0 2 0) 3 (0 2 1) 3 (1 2 1) 3 (1 2 0)
55 center 3 (1.5 2 0.5) area 1 normal vector 3 (0 1 0) owners 2 (4 7) locationType Internal
4 (9 25 26 10) 3 (1 2 0) 3 (1 2 1) 3 (2 2 1) 3 (2 2 0)
56 center 3 (2.5 2 0.5) area 1 normal vector 3 (0 1 0) owners 2 (5 8) locationType Internal
4 (10 26 27 11) 3 (2 2 0) 3 (2 2 1) 3 (3 2 1) 3 (3 2 0)
57 center 3 (0.5 2 1.5) area 1 normal vector 3 (0 1 0) owners 2 (12 15) locationType Internal
4 (24 40 41 25) 3 (0 2 1) 3 (0 2 2) 3 (1 2 2) 3 (1 2 1)
58 center 3 (1.5 2 1.5) area 1 normal vector 3 (0 1 0) owners 2 (13 16) locationType Internal
4 (25 41 42 26) 3 (1 2 1) 3 (1 2 2) 3 (2 2 2) 3 (2 2 1)
59 center 3 (2.5 2 1.5) area 1 normal vector 3 (0 1 0) owners 2 (14 17) locationType Internal
4 (26 42 43 27) 3 (2 2 1) 3 (2 2 2) 3 (3 2 2) 3 (3 2 1)
60 center 3 (0.5 2 2.5) area 1 normal vector 3 (0 1 0) owners 2 (21 24) locationType Internal
4 (40 56 57 41) 3 (0 2 2) 3 (0 2 3) 3 (1 2 3) 3 (1 2 2)
61 center 3 (1.5 2 2.5) area 1 normal vector 3 (0 1 0) owners 2 (22 25) locationType Internal
4 (41 57 58 42) 3 (1 2 2) 3 (1 2 3) 3 (2 2 3) 3 (2 2 2)
62 center 3 (2.5 2 2.5) area 1 normal vector 3 (0 1 0) owners 2 (23 26) locationType Internal
4 (42 58 59 43) 3 (2 2 2) 3 (2 2 3) 3 (3 2 3) 3 (3 2 2)
63 center 3 (0.5 3 0.5) area 1 normal vector 3 (0 1 0) owners 2 (6 -1) locationType Back
4 (12 28 29 13) 3 (0 3 0) 3 (0 3 1) 3 (1 3 1) 3 (1 3 0)
64 center 3 (1.5 3 0.5) area 1 normal vector 3 (0 1 0) owners 2 (7 -1) locationType Back
4 (13 29 30 14) 3 (1 3 0) 3 (1 3 1) 3 (2 3 1) 3 (2 3 0)
65 center 3 (2.5 3 0.5) area 1 normal vector 3 (0 1 0) owners 2 (8 -1) locationType Back
4 (14 30 31 15) 3 (2 3 0) 3 (2 3 1) 3 (3 3 1) 3 (3 3 0)
66 center 3 (0.5 3 1.5) area 1 normal vector 3 (0 1 0) owners 2 (15 -1) locationType Back
4 (28 44 45 29) 3 (0 3 1) 3 (0 3 2) 3 (1 3 2) 3 (1 3 1)
67 center 3 (1.5 3 1.5) area 1 normal vector 3 (0 1 0) owners 2 (16 -1) locationType Back
4 (29 45 46 30) 3 (1 3 1) 3 (1 3 2) 3 (2 3 2) 3 (2 3 1)
68 center 3 (2.5 3 1.5) area 1 normal vector 3 (0 1 0) owners 2 (17 -1) locationType Back
4 (30 46 47 31) 3 (2 3 1) 3 (2 3 2) 3 (3 3 2) 3 (3 3 1)
69 center 3 (0.5 3 2.5) area 1 normal vector 3 (0 1 0) owners 2 (24 -1) locationType Back
4 (44 60 61 45) 3 (0 3 2) 3 (0 3 3) 3 (1 3 3) 3 (1 3 2)
70 center 3 (1.5 3 2.5) area 1 normal vector 3 (0 1 0) owners 2 (25 -1) locationType Back
4 (45 61 62 46) 3 (1 3 2) 3 (1 3 3) 3 (2 3 3) 3 (2 3 2)
71 center 3 (2.5 3 2.5) area 1 normal vector 3 (0 1 0) owners 2 (26 -1) locationType Back
4 (46 62 63 47) 3 (2 3 2) 3 (2 3 3) 3 (3 3 3) 3 (3 3 2)
72 center 3 (0.5 0.5 0) area 1 normal vector 3 (-0 0 -1) owners 2 (0 -1) locationType Bottom
4 (0 4 5 1) 3 (0 0 0) 3 (0 1 0) 3 (1 1 0) 3 (1 0 0)
73 center 3 (1.5 0.5 0) area 1 normal vector 3 (-0 0 -1) owners 2 (1 -1) locationType Bottom
4 (1 5 6 2) 3 (1 0 0) 3 (1 1 0) 3 (2 1 0) 3 (2 0 0)
74 center 3 (2.5 0.5 0) area 1 normal vector 3 (-0 0 -1) owners 2 (2 -1) locationType Bottom
4 (2 6 7 3) 3 (2 0 0) 3 (2 1 0) 3 (3 1 0) 3 (3 0 0)
75 center 3 (0.5 1.5 0) area 1 normal vector 3 (-0 0 -1) owners 2 (3 -1) locationType Bottom
4 (4 8 9 5) 3 (0 1 0) 3 (0 2 0) 3 (1 2 0) 3 (1 1 0)
76 center 3 (1.5 1.5 0) area 1 normal vector 3 (-0 0 -1) owners 2 (4 -1) locationType Bottom
4 (5 9 10 6) 3 (1 1 0) 3 (1 2 0) 3 (2 2 0) 3 (2 1 0)
77 center 3 (2.5 1.5 0) area 1 normal vector 3 (-0 0 -1) owners 2 (5 -1) locationType Bottom
4 (6 10 11 7) 3 (2 1 0) 3 (2 2 0) 3 (3 2 0) 3 (3 1 0)
78 center 3 (0.5 2.5 0) area 1 normal vector 3 (-0 0 -1) owners 2 (6 -1) locationType Bottom
4 (8 12 13 9) 3 (0 2 0) 3 (0 3 0) 3 (1 3 0) 3 (1 2 0)
79 center 3 (1.5 2.5 0) area 1 normal vector 3 (-0 0 -1) owners 2 (7 -1) locationType Bottom
4 (9 13 14 10) 3 (1 2 0) 3 (1 3 0) 3 (2 3 0) 3 (2 2 0)
80 center 3 (2.5 2.5 0) area 1 normal vector 3 (-0 0 -1) owners 2 (8 -1) locationType Bottom
4 (10 14 15 11) 3 (2 2 0) 3 (2 3 0) 3 (3 3 0) 3 (3 2 0)
81 center 3 (0.5 0.5 1) area 1 normal vector 3 (-0 0 -1) owners 2 (0 9) locationType Internal
4 (16 20 21 17) 3 (0 0 1) 3 (0 1 1) 3 (1 1 1) 3 (1 0 1)
82 center 3 (1.5 0.5 1) area 1 normal vector 3 (-0 0 -1) owners 2 (1 10) locationType Internal
4 (17 21 22 18) 3 (1 0 1) 3 (1 1 1) 3 (2 1 1) 3 (2 0 1)
83 center 3 (2.5 0.5 1) area 1 normal vector 3 (-0 0 -1) owners 2 (2 11) locationType Internal
4 (18 22 23 19) 3 (2 0 1) 3 (2 1 1) 3 (3 1 1) 3 (3 0 1)
84 center 3 (0.5 1.5 1) area 1 normal vector 3 (-0 0 -1) owners 2 (3 12) locationType Internal
4 (20 24 25 21) 3 (0 1 1) 3 (0 2 1) 3 (1 2 1) 3 (1 1 1)
85 center 3 (1.5 1.5 1) area 1 normal vector 3 (-0 0 -1) owners 2 (4 13) locationType Internal
4 (21 25 26 22) 3 (1 1 1) 3 (1 2 1) 3 (2 2 1) 3 (2 1 1)
86 center 3 (2.5 1.5 1) area 1 normal vector 3 (-0 0 -1) owners 2 (5 14) locationType Internal
4 (22 26 27 23) 3 (2 1 1) 3 (2 2 1) 3 (3 2 1) 3 (3 1 1)
87 center 3 (0.5 2.5 1) area 1 normal vector 3 (-0 0 -1) owners 2 (6 15) locationType Internal
4 (24 28 29 25) 3 (0 2 1) 3 (0 3 1) 3 (1 3 1) 3 (1 2 1)
88 center 3 (1.5 2.5 1) area 1 normal vector 3 (-0 0 -1) owners 2 (7 16) locationType Internal
4 (25 29 30 26) 3 (1 2 1) 3 (1 3 1) 3 (2 3 1) 3 (2 2 1)
89 center 3 (2.5 2.5 1) area 1 normal vector 3 (-0 0 -1) owners 2 (8 17) locationType Internal
4 (26 30 31 27) 3 (2 2 1) 3 (2 3 1) 3 (3 3 1) 3 (3 2 1)
90 center 3 (0.5 0.5 2) area 1 normal vector 3 (-0 0 -1) owners 2 (9 18) locationType Internal
4 (32 36 37 33) 3 (0 0 2) 3 (0 1 2) 3 (1 1 2) 3 (1 0 2)
91 center 3 (1.5 0.5 2) area 1 normal vector 3 (-0 0 -1) owners 2 (10 19) locationType Internal
4 (33 37 38 34) 3 (1 0 2) 3 (1 1 2) 3 (2 1 2) 3 (2 0 2)
92 center 3 (2.5 0.5 2) area 1 normal vector 3 (-0 0 -1) owners 2 (11 20) locationType Internal
4 (34 38 39 35) 3 (2 0 2) 3 (2 1 2) 3 (3 1 2) 3 (3 0 2)
93 center 3 (0.5 1.5 2) area 1 normal vector 3 (-0 0 -1) owners 2 (12 21) locationType Internal
4 (36 40 41 37) 3 (0 1 2) 3 (0 2 2) 3 (1 2 2) 3 (1 1 2)
94 center 3 (1.5 1.5 2) area 1 normal vector 3 (-0 0 -1) owners 2 (13 22) locationType Internal
4 (37 41 42 38) 3 (1 1 2) 3 (1 2 2) 3 (2 2 2) 3 (2 1 2)
95 center 3 (2.5 1.5 2) area 1 normal vector 3 (-0 0 -1) owners 2 (14 23) locationType Internal
4 (38 42 43 39) 3 (2 1 2) 3 (2 2 2) 3 (3 2 2) 3 (3 1 2)
96 center 3 (0.5 2.5 2) area 1 normal vector 3 (-0 0 -1) owners 2 (15 24) locationType Internal
4 (40 44 45 41) 3 (0 2 2) 3 (0 3 2) 3 (1 3 2) 3 (1 2 2)
97 center 3 (1.5 2.5 2) area 1 normal vector 3 (-0 0 -1) owners 2 (16 25) locationType Internal
4 (41 45 46 42) 3 (1 2 2) 3 (1 3 2) 3 (2 3 2) 3 (2 2 2)
98 center 3 (2.5 2.5 2) area 1 normal vector 3 (-0 0 -1) owners 2 (17 26) locationType Internal
4 (42 46 47 43) 3 (2 2 2) 3 (2 3 2) 3 (3 3 2) 3 (3 2 2)
99 center 3 (0.5 0.5 3) area 1 normal vector 3 (-0 0 -1) owners 2 (18 -1) locationType Top
4 (48 52 53 49) 3 (0 0 3) 3 (0 1 3) 3 (1 1 3) 3 (1 0 3)
100 center 3 (1.5 0.5 3) area 1 normal vector 3 (-0 0 -1) owners 2 (19 -1) locationType Top
4 (49 53 54 50) 3 (1 0 3) 3 (1 1 3) 3 (2 1 3) 3 (2 0 3)
101 center 3 (2.5 0.5 3) area 1 normal vector 3 (-0 0 -1) owners 2 (20 -1) locationType Top
4 (50 54 55 51) 3 (2 0 3) 3 (2 1 3) 3 (3 1 3) 3 (3 0 3)
102 center 3 (0.5 1.5 3) area 1 normal vector 3 (-0 0 -1) owners 2 (21 -1) locationType Top
4 (52 56 57 53) 3 (0 1 3) 3 (0 2 3) 3 (1 2 3) 3 (1 1 3)
103 center 3 (1.5 1.5 3) area 1 normal vector 3 (-0 0 -1) owners 2 (22 -1) locationType Top
4 (53 57 58 54) 3 (1 1 3) 3 (1 2 3) 3 (2 2 3) 3 (2 1 3)
104 center 3 (2.5 1.5 3) area 1 normal vector 3 (-0 0 -1) owners 2 (23 -1) locationType Top
4 (54 58 59 55) 3 (2 1 3) 3 (2 2 3) 3 (3 2 3) 3 (3 1 3)
105 center 3 (0.5 2.5 3) area 1 normal vector 3 (-0 0 -1) owners 2 (24 -1) locationType Top
4 (56 60 61 57) 3 (0 2 3) 3 (0 3 3) 3 (1 3 3) 3 (1 2 3)
106 center 3 (1.5 2.5 3) area 1 normal vector 3 (-0 0 -1) owners 2 (25 -1) locationType Top
4 (57 61 62 58) 3 (1 2 3) 3 (1 3 3) 3 (2 3 3) 3 (2 2 3)
107 center 3 (2.5 2.5 3) area 1 normal vector 3 (-0 0 -1) owners 2 (26 -1) locationType Top
4 (58 62 63 59) 3 (2 2 3) 3 (2 3 3) 3 (3 3 3) 3 (3 2 3)

Cells of mesh: 27
0 center 3 (0.5 0.5 0.5) volume 1
faces 6 (0 9 36 45 72 81)face directions 6 (1 -1 -1 1 1 -1)distances from cell center to faces 6 (0.5 0.5 0.5 0.5 0.5 0.5)

1 center 3 (1.5 0.5 0.5) volume 1
faces 6 (9 18 37 46 73 82)face directions 6 (1 -1 -1 1 1 -1)distances from cell center to faces 6 (0.5 0.5 0.5 0.5 0.5 0.5)

2 center 3 (2.5 0.5 0.5) volume 1
faces 6 (18 27 38 47 74 83)face directions 6 (1 -1 -1 1 1 -1)distances from cell center to faces 6 (0.5 0.5 0.5 0.5 0.5 0.5)

3 center 3 (0.5 1.5 0.5) volume 1
faces 6 (1 10 45 54 75 84)face directions 6 (1 -1 -1 1 1 -1)distances from cell center to faces 6 (0.5 0.5 0.5 0.5 0.5 0.5)

4 center 3 (1.5 1.5 0.5) volume 1
faces 6 (10 19 46 55 76 85)face directions 6 (1 -1 -1 1 1 -1)distances from cell center to faces 6 (0.5 0.5 0.5 0.5 0.5 0.5)

5 center 3 (2.5 1.5 0.5) volume 1
faces 6 (19 28 47 56 77 86)face directions 6 (1 -1 -1 1 1 -1)distances from cell center to faces 6 (0.5 0.5 0.5 0.5 0.5 0.5)

6 center 3 (0.5 2.5 0.5) volume 1
faces 6 (2 11 54 63 78 87)face directions 6 (1 -1 -1 1 1 -1)distances from cell center to faces 6 (0.5 0.5 0.5 0.5 0.5 0.5)

7 center 3 (1.5 2.5 0.5) volume 1
faces 6 (11 20 55 64 79 88)face directions 6 (1 -1 -1 1 1 -1)distances from cell center to faces 6 (0.5 0.5 0.5 0.5 0.5 0.5)

8 center 3 (2.5 2.5 0.5) volume 1
faces 6 (20 29 56 65 80 89)face directions 6 (1 -1 -1 1 1 -1)distances from cell center to faces 6 (0.5 0.5 0.5 0.5 0.5 0.5)

9 center 3 (0.5 0.5 1.5) volume 1
faces 6 (3 12 39 48 81 90)face directions 6 (1 -1 -1 1 1 -1)distances from cell center to faces 6 (0.5 0.5 0.5 0.5 0.5 0.5)

10 center 3 (1.5 0.5 1.5) volume 1
faces 6 (12 21 40 49 82 91)face directions 6 (1 -1 -1 1 1 -1)distances from cell center to faces 6 (0.5 0.5 0.5 0.5 0.5 0.5)

11 center 3 (2.5 0.5 1.5) volume 1
faces 6 (21 30 41 50 83 92)face directions 6 (1 -1 -1 1 1 -1)distances from cell center to faces 6 (0.5 0.5 0.5 0.5 0.5 0.5)

12 center 3 (0.5 1.5 1.5) volume 1
faces 6 (4 13 48 57 84 93)face directions 6 (1 -1 -1 1 1 -1)distances from cell center to faces 6 (0.5 0.5 0.5 0.5 0.5 0.5)

13 center 3 (1.5 1.5 1.5) volume 1
faces 6 (13 22 49 58 85 94)face directions 6 (1 -1 -1 1 1 -1)distances from cell center to faces 6 (0.5 0.5 0.5 0.5 0.5 0.5)

14 center 3 (2.5 1.5 1.5) volume 1
faces 6 (22 31 50 59 86 95)face directions 6 (1 -1 -1 1 1 -1)distances from cell center to faces 6 (0.5 0.5 0.5 0.5 0.5 0.5)

15 center 3 (0.5 2.5 1.5) volume 1
faces 6 (5 14 57 66 87 96)face directions 6 (1 -1 -1 1 1 -1)distances from cell center to faces 6 (0.5 0.5 0.5 0.5 0.5 0.5)

16 center 3 (1.5 2.5 1.5) volume 1
faces 6 (14 23 58 67 88 97)face directions 6 (1 -1 -1 1 1 -1)distances from cell center to faces 6 (0.5 0.5 0.5 0.5 0.5 0.5)

17 center 3 (2.5 2.5 1.5) volume 1
faces 6 (23 32 59 68 89 98)face directions 6 (1 -1 -1 1 1 -1)distances from cell center to faces 6 (0.5 0.5 0.5 0.5 0.5 0.5)

18 center 3 (0.5 0.5 2.5) volume 1
faces 6 (6 15 42 51 90 99)face directions 6 (1 -1 -1 1 1 -1)distances from cell center to faces 6 (0.5 0.5 0.5 0.5 0.5 0.5)

19 center 3 (1.5 0.5 2.5) volume 1
faces 6 (15 24 43 52 91 100)face directions 6 (1 -1 -1 1 1 -1)distances from cell center to faces 6 (0.5 0.5 0.5 0.5 0.5 0.5)

20 center 3 (2.5 0.5 2.5) volume 1
faces 6 (24 33 44 53 92 101)face directions 6 (1 -1 -1 1 1 -1)distances from cell center to faces 6 (0.5 0.5 0.5 0.5 0.5 0.5)

21 center 3 (0.5 1.5 2.5) volume 1
faces 6 (7 16 51 60 93 102)face directions 6 (1 -1 -1 1 1 -1)distances from cell center to faces 6 (0.5 0.5 0.5 0.5 0.5 0.5)

22 center 3 (1.5 1.5 2.5) volume 1
faces 6 (16 25 52 61 94 103)face directions 6 (1 -1 -1 1 1 -1)distances from cell center to faces 6 (0.5 0.5 0.5 0.5 0.5 0.5)

23 center 3 (2.5 1.5 2.5) volume 1
faces 6 (25 34 53 62 95 104)face directions 6 (1 -1 -1 1 1 -1)distances from cell center to faces 6 (0.5 0.5 0.5 0.5 0.5 0.5)

24 center 3 (0.5 2.5 2.5) volume 1
faces 6 (8 17 60 69 96 105)face directions 6 (1 -1 -1 1 1 -1)distances from cell center to faces 6 (0.5 0.5 0.5 0.5 0.5 0.5)

25 center 3 (1.5 2.5 2.5) volume 1
faces 6 (17 26 61 70 97 106)face directions 6 (1 -1 -1 1 1 -1)distances from cell center to faces 6 (0.5 0.5 0.5 0.5 0.5 0.5)

26 center 3 (2.5 2.5 2.5) volume 1
faces 6 (26 35 62 71 98 107)face directions 6 (1 -1 -1 1 1 -1)distances from cell center to faces 6 (0.5 0.5 0.5 0.5 0.5 0.5)

location: Left
 U0 boundary: Dirichlet 0
 U1 boundary: Dirichlet 0
 U2 boundary: Dirichlet 0
 P boundary: Neumann 0
 rho boundary: Neumann 0
 nu boundary: Neumann 0
location: Right
 U0 boundary: Dirichlet 0
 U1 boundary: Dirichlet 0
 U2 boundary: Dirichlet 0
 P boundary: Neumann 0
 rho boundary: Neumann 0
 nu boundary: Neumann 0
location: Front
 U0 boundary: Dirichlet 0
 U1 boundary: Dirichlet 0
 U2 boundary: Dirichlet 0
 P boundary: Neumann 0
 rho boundary: Neumann 0
 nu boundary: Neumann 0
location: Back
 U0 boundary: Dirichlet 0
 U1 boundary: Dirichlet 0
 U2 boundary: Dirichlet 0
 P boundary: Neumann 0
 rho boundary: Neumann 0
 nu boundary: Neumann 0
location: Top
 U0 boundary: Dirichlet 1
 U1 boundary: Dirichlet 0
 U2 boundary: Dirichlet 0
 P boundary: Neumann 0
 rho boundary: Neumann 0
 nu boundary: Neumann 0
location: Bottom
 U0 boundary: Dirichlet 0
 U1 boundary: Dirichlet 0
 U2 boundary: Dirichlet 0
 P boundary: Neumann 0
 rho boundary: Neumann 0
 nu boundary: Neumann 0
CellField U
CellField 27 X 3
0 0 0
0 0 0
0 0 0
0 0 0
0 0 0
0 0 0
0 0 0
0 0 0
0 0 0
0 0 0
0 0 0
0 0 0
0 0 0
0 0 0
0 0 0
0 0 0
0 0 0
0 0 0
0 0 0
0 0 0
0 0 0
0 0 0
0 0 0
0 0 0
0 0 0
0 0 0
0 0 0

FaceField Uf
FaceField 108 X 3
0 0 0
0 0 0
0 0 0
0 0 0
0 0 0
0 0 0
0 0 0
0 0 0
0 0 0
0 0 0
0 0 0
0 0 0
0 0 0
0 0 0
0 0 0
0 0 0
0 0 0
0 0 0
0 0 0
0 0 0
0 0 0
0 0 0
0 0 0
0 0 0
0 0 0
0 0 0
0 0 0
0 0 0
0 0 0
0 0 0
0 0 0
0 0 0
0 0 0
0 0 0
0 0 0
0 0 0
0 0 0
0 0 0
0 0 0
0 0 0
0 0 0
0 0 0
0 0 0
0 0 0
0 0 0
0 0 0
0 0 0
0 0 0
0 0 0
0 0 0
0 0 0
0 0 0
0 0 0
0 0 0
0 0 0
0 0 0
0 0 0
0 0 0
0 0 0
0 0 0
0 0 0
0 0 0
0 0 0
0 0 0
0 0 0
0 0 0
0 0 0
0 0 0
0 0 0
0 0 0
0 0 0
0 0 0
0 0 0
0 0 0
0 0 0
0 0 0
0 0 0
0 0 0
0 0 0
0 0 0
0 0 0
0 0 0
0 0 0
0 0 0
0 0 0
0 0 0
0 0 0
0 0 0
0 0 0
0 0 0
0 0 0
0 0 0
0 0 0
0 0 0
0 0 0
0 0 0
0 0 0
0 0 0
0 0 0
1 0 0
1 0 0
1 0 0
1 0 0
1 0 0
1 0 0
1 0 0
1 0 0
1 0 0

AbT2 (Matrix 27 X 27
10 0 0 0 0 0 0 0 0 0 0 0 0 0 0 0 0 0 0 0 0 0 0 0 0 0 0
0 10 0 0 0 0 0 0 0 0 0 0 0 0 0 0 0 0 0 0 0 0 0 0 0 0 0
0 0 10 0 0 0 0 0 0 0 0 0 0 0 0 0 0 0 0 0 0 0 0 0 0 0 0
0 0 0 10 0 0 0 0 0 0 0 0 0 0 0 0 0 0 0 0 0 0 0 0 0 0 0
0 0 0 0 10 0 0 0 0 0 0 0 0 0 0 0 0 0 0 0 0 0 0 0 0 0 0
0 0 0 0 0 10 0 0 0 0 0 0 0 0 0 0 0 0 0 0 0 0 0 0 0 0 0
0 0 0 0 0 0 10 0 0 0 0 0 0 0 0 0 0 0 0 0 0 0 0 0 0 0 0
0 0 0 0 0 0 0 10 0 0 0 0 0 0 0 0 0 0 0 0 0 0 0 0 0 0 0
0 0 0 0 0 0 0 0 10 0 0 0 0 0 0 0 0 0 0 0 0 0 0 0 0 0 0
0 0 0 0 0 0 0 0 0 10 0 0 0 0 0 0 0 0 0 0 0 0 0 0 0 0 0
0 0 0 0 0 0 0 0 0 0 10 0 0 0 0 0 0 0 0 0 0 0 0 0 0 0 0
0 0 0 0 0 0 0 0 0 0 0 10 0 0 0 0 0 0 0 0 0 0 0 0 0 0 0
0 0 0 0 0 0 0 0 0 0 0 0 10 0 0 0 0 0 0 0 0 0 0 0 0 0 0
0 0 0 0 0 0 0 0 0 0 0 0 0 10 0 0 0 0 0 0 0 0 0 0 0 0 0
0 0 0 0 0 0 0 0 0 0 0 0 0 0 10 0 0 0 0 0 0 0 0 0 0 0 0
0 0 0 0 0 0 0 0 0 0 0 0 0 0 0 10 0 0 0 0 0 0 0 0 0 0 0
0 0 0 0 0 0 0 0 0 0 0 0 0 0 0 0 10 0 0 0 0 0 0 0 0 0 0
0 0 0 0 0 0 0 0 0 0 0 0 0 0 0 0 0 10 0 0 0 0 0 0 0 0 0
0 0 0 0 0 0 0 0 0 0 0 0 0 0 0 0 0 0 10 0 0 0 0 0 0 0 0
0 0 0 0 0 0 0 0 0 0 0 0 0 0 0 0 0 0 0 10 0 0 0 0 0 0 0
0 0 0 0 0 0 0 0 0 0 0 0 0 0 0 0 0 0 0 0 10 0 0 0 0 0 0
0 0 0 0 0 0 0 0 0 0 0 0 0 0 0 0 0 0 0 0 0 10 0 0 0 0 0
0 0 0 0 0 0 0 0 0 0 0 0 0 0 0 0 0 0 0 0 0 0 10 0 0 0 0
0 0 0 0 0 0 0 0 0 0 0 0 0 0 0 0 0 0 0 0 0 0 0 10 0 0 0
0 0 0 0 0 0 0 0 0 0 0 0 0 0 0 0 0 0 0 0 0 0 0 0 10 0 0
0 0 0 0 0 0 0 0 0 0 0 0 0 0 0 0 0 0 0 0 0 0 0 0 0 10 0
0 0 0 0 0 0 0 0 0 0 0 0 0 0 0 0 0 0 0 0 0 0 0 0 0 0 10
 Matrix 27 X 3
-0 -0 -0
-0 -0 -0
-0 -0 -0
-0 -0 -0
-0 -0 -0
-0 -0 -0
-0 -0 -0
-0 -0 -0
-0 -0 -0
-0 -0 -0
-0 -0 -0
-0 -0 -0
-0 -0 -0
-0 -0 -0
-0 -0 -0
-0 -0 -0
-0 -0 -0
-0 -0 -0
-0 -0 -0
-0 -0 -0
-0 -0 -0
-0 -0 -0
-0 -0 -0
-0 -0 -0
-0 -0 -0
-0 -0 -0
-0 -0 -0
)
AbAdv2 (Matrix 27 X 27
0 0 0 0 0 0 0 0 0 0 0 0 0 0 0 0 0 0 0 0 0 0 0 0 0 0 0
0 0 0 0 0 0 0 0 0 0 0 0 0 0 0 0 0 0 0 0 0 0 0 0 0 0 0
0 0 0 0 0 0 0 0 0 0 0 0 0 0 0 0 0 0 0 0 0 0 0 0 0 0 0
0 0 0 0 0 0 0 0 0 0 0 0 0 0 0 0 0 0 0 0 0 0 0 0 0 0 0
0 0 0 0 0 0 0 0 0 0 0 0 0 0 0 0 0 0 0 0 0 0 0 0 0 0 0
0 0 0 0 0 0 0 0 0 0 0 0 0 0 0 0 0 0 0 0 0 0 0 0 0 0 0
0 0 0 0 0 0 0 0 0 0 0 0 0 0 0 0 0 0 0 0 0 0 0 0 0 0 0
0 0 0 0 0 0 0 0 0 0 0 0 0 0 0 0 0 0 0 0 0 0 0 0 0 0 0
0 0 0 0 0 0 0 0 0 0 0 0 0 0 0 0 0 0 0 0 0 0 0 0 0 0 0
0 0 0 0 0 0 0 0 0 0 0 0 0 0 0 0 0 0 0 0 0 0 0 0 0 0 0
0 0 0 0 0 0 0 0 0 0 0 0 0 0 0 0 0 0 0 0 0 0 0 0 0 0 0
0 0 0 0 0 0 0 0 0 0 0 0 0 0 0 0 0 0 0 0 0 0 0 0 0 0 0
0 0 0 0 0 0 0 0 0 0 0 0 0 0 0 0 0 0 0 0 0 0 0 0 0 0 0
0 0 0 0 0 0 0 0 0 0 0 0 0 0 0 0 0 0 0 0 0 0 0 0 0 0 0
0 0 0 0 0 0 0 0 0 0 0 0 0 0 0 0 0 0 0 0 0 0 0 0 0 0 0
0 0 0 0 0 0 0 0 0 0 0 0 0 0 0 0 0 0 0 0 0 0 0 0 0 0 0
0 0 0 0 0 0 0 0 0 0 0 0 0 0 0 0 0 0 0 0 0 0 0 0 0 0 0
0 0 0 0 0 0 0 0 0 0 0 0 0 0 0 0 0 0 0 0 0 0 0 0 0 0 0
0 0 0 0 0 0 0 0 0 0 0 0 0 0 0 0 0 0 0 0 0 0 0 0 0 0 0
0 0 0 0 0 0 0 0 0 0 0 0 0 0 0 0 0 0 0 0 0 0 0 0 0 0 0
0 0 0 0 0 0 0 0 0 0 0 0 0 0 0 0 0 0 0 0 0 0 0 0 0 0 0
0 0 0 0 0 0 0 0 0 0 0 0 0 0 0 0 0 0 0 0 0 0 0 0 0 0 0
0 0 0 0 0 0 0 0 0 0 0 0 0 0 0 0 0 0 0 0 0 0 0 0 0 0 0
0 0 0 0 0 0 0 0 0 0 0 0 0 0 0 0 0 0 0 0 0 0 0 0 0 0 0
0 0 0 0 0 0 0 0 0 0 0 0 0 0 0 0 0 0 0 0 0 0 0 0 0 0 0
0 0 0 0 0 0 0 0 0 0 0 0 0 0 0 0 0 0 0 0 0 0 0 0 0 0 0
0 0 0 0 0 0 0 0 0 0 0 0 0 0 0 0 0 0 0 0 0 0 0 0 0 0 0
 Matrix 27 X 3
0 0 0
0 0 0
0 0 0
0 0 0
0 0 0
0 0 0
0 0 0
0 0 0
0 0 0
0 0 0
0 0 0
0 0 0
0 0 0
0 0 0
0 0 0
0 0 0
0 0 0
0 0 0
0 0 0
0 0 0
0 0 0
0 0 0
0 0 0
0 0 0
0 0 0
0 0 0
0 0 0
)
AbDiff2 (Matrix 27 X 27
-2 0.00025 0.00025 0.00025 0 0 0.00025 0 0 0.00025 0 0 0 0 0 0 0 0 0.00025 0 0 0 0 0 0 0 0
-0.00025 -2 -0.00025 0 0.00025 0 0 0.00025 0 0 0.00025 0 0 0 0 0 0 0 0 0.00025 0 0 0 0 0 0 0
0.00025 0.00025 -2 0 0 0.00025 0 0 0.00025 0 0 0.00025 0 0 0 0 0 0 0 0 0.00025 0 0 0 0 0 0
-0.00025 0 0 -2 0.00025 0.00025 -0.00025 0 0 0 0 0 0.00025 0 0 0 0 0 0 0 0 0.00025 0 0 0 0 0
0 -0.00025 0 -0.00025 -2 -0.00025 0 -0.00025 0 0 0 0 0 0.00025 0 0 0 0 0 0 0 0 0.00025 0 0 0 0
0 0 -0.00025 0.00025 0.00025 -2 0 0 -0.00025 0 0 0 0 0 0.00025 0 0 0 0 0 0 0 0 0.00025 0 0 0
0.00025 0 0 0.00025 0 0 -2 0.00025 0.00025 0 0 0 0 0 0 0.00025 0 0 0 0 0 0 0 0 0.00025 0 0
0 0.00025 0 0 0.00025 0 -0.00025 -2 -0.00025 0 0 0 0 0 0 0 0.00025 0 0 0 0 0 0 0 0 0.00025 0
0 0 0.00025 0 0 0.00025 0.00025 0.00025 -2 0 0 0 0 0 0 0 0 0.00025 0 0 0 0 0 0 0 0 0.00025
-0.00025 0 0 0 0 0 0 0 0 -2.0005 0.00025 0.00025 0.00025 0 0 0.00025 0 0 -0.00025 0 0 0 0 0 0 0 0
0 -0.00025 0 0 0 0 0 0 0 -0.00025 -2.0005 -0.00025 0 0.00025 0 0 0.00025 0 0 -0.00025 0 0 0 0 0 0 0
0 0 -0.00025 0 0 0 0 0 0 0.00025 0.00025 -2.0005 0 0 0.00025 0 0 0.00025 0 0 -0.00025 0 0 0 0 0 0
0 0 0 -0.00025 0 0 0 0 0 -0.00025 0 0 -2.001 0.00025 0.00025 -0.00025 0 0 0 0 0 -0.00025 0 0 0 0 0
0 0 0 0 -0.00025 0 0 0 0 0 -0.00025 0 -0.00025 -0.0015 -0.00025 0 -0.00025 0 0 0 0 0 -0.00025 0 0 0 0
0 0 0 0 0 -0.00025 0 0 0 0 0 -0.00025 0.00025 0.00025 -2.001 0 0 -0.00025 0 0 0 0 0 -0.00025 0 0 0
0 0 0 0 0 0 -0.00025 0 0 0.00025 0 0 0.00025 0 0 -2.0005 0.00025 0.00025 0 0 0 0 0 0 -0.00025 0 0
0 0 0 0 0 0 0 -0.00025 0 0 0.00025 0 0 0.00025 0 -0.00025 -2.0005 -0.00025 0 0 0 0 0 0 0 -0.00025 0
0 0 0 0 0 0 0 0 -0.00025 0 0 0.00025 0 0 0.00025 0.00025 0.00025 -2.0005 0 0 0 0 0 0 0 0 -0.00025
0.00025 0 0 0 0 0 0 0 0 0.00025 0 0 0 0 0 0 0 0 -2 0.00025 0.00025 0.00025 0 0 0.00025 0 0
0 0.00025 0 0 0 0 0 0 0 0 0.00025 0 0 0 0 0 0 0 -0.00025 -2 -0.00025 0 0.00025 0 0 0.00025 0
0 0 0.00025 0 0 0 0 0 0 0 0 0.00025 0 0 0 0 0 0 0.00025 0.00025 -2 0 0 0.00025 0 0 0.00025
0 0 0 0.00025 0 0 0 0 0 0 0 0 0.00025 0 0 0 0 0 -0.00025 0 0 -2 0.00025 0.00025 -0.00025 0 0
0 0 0 0 0.00025 0 0 0 0 0 0 0 0 0.00025 0 0 0 0 0 -0.00025 0 -0.00025 -2 -0.00025 0 -0.00025 0
0 0 0 0 0 0.00025 0 0 0 0 0 0 0 0 0.00025 0 0 0 0 0 -0.00025 0.00025 0.00025 -2 0 0 -0.00025
0 0 0 0 0 0 0.00025 0 0 0 0 0 0 0 0 0.00025 0 0 0.00025 0 0 0.00025 0 0 -2 0.00025 0.00025
0 0 0 0 0 0 0 0.00025 0 0 0 0 0 0 0 0 0.00025 0 0 0.00025 0 0 0.00025 0 -0.00025 -2 -0.00025
0 0 0 0 0 0 0 0 0.00025 0 0 0 0 0 0 0 0 0.00025 0 0 0.00025 0 0 0.00025 0.00025 0.00025 -2
 Matrix 27 X 3
0 0 0
0 0 0
0 0 0
0 0 0
0 0 0
0 0 0
0 0 0
0 0 0
0 0 0
0 0 0
0 0 0
0 0 0
0 0 0
0 0 0
0 0 0
0 0 0
0 0 0
0 0 0
2 0 0
2 0 0
2 0 0
2 0 0
2 0 0
2 0 0
2 0 0
2 0 0
2 0 0
)
Advection term:
Matrix 27 X 3
0 0 0
0 0 0
0 0 0
0 0 0
0 0 0
0 0 0
0 0 0
0 0 0
0 0 0
0 0 0
0 0 0
0 0 0
0 0 0
0 0 0
0 0 0
0 0 0
0 0 0
0 0 0
0 0 0
0 0 0
0 0 0
0 0 0
0 0 0
0 0 0
0 0 0
0 0 0
0 0 0

Diffusion term:
Matrix 27 X 3
0 0 0
0 0 0
0 0 0
0 0 0
0 0 0
0 0 0
0 0 0
0 0 0
0 0 0
0 0 0
0 0 0
0 0 0
0 0 0
0 0 0
0 0 0
0 0 0
0 0 0
0 0 0
2 0 0
2 0 0
2 0 0
2 0 0
2 0 0
2 0 0
2 0 0
2 0 0
2 0 0

CellField P
CellField 27 X 1
0
0
0
0
0
0
0
0
0
0
0
0
0
0
0
0
0
0
0
0
0
0
0
0
0
0
0

FaceField Pf
FaceField 108 X 1
0
0
0
0
0
0
0
0
0
0
0
0
0
0
0
0
0
0
0
0
0
0
0
0
0
0
0
0
0
0
0
0
0
0
0
0
0
0
0
0
0
0
0
0
0
0
0
0
0
0
0
0
0
0
0
0
0
0
0
0
0
0
0
0
0
0
0
0
0
0
0
0
0
0
0
0
0
0
0
0
0
0
0
0
0
0
0
0
0
0
0
0
0
0
0
0
0
0
0
0
0
0
0
0
0
0
0
0

Abgrad2 (Matrix 27 X 27
3 (0.5 0.5 0.5) 3 (0.5 0 0) 3 (0 0 0) 3 (0 0.5 0) 3 (0 0 0) 3 (0 0 0) 3 (0 0 0) 3 (0 0 0) 3 (0 0 0) 3 (0 0 0.5) 3 (0 0 0) 3 (0 0 0) 3 (0 0 0) 3 (0 0 0) 3 (0 0 0) 3 (0 0 0) 3 (0 0 0) 3 (0 0 0) 3 (0 0 0) 3 (0 0 0) 3 (0 0 0) 3 (0 0 0) 3 (0 0 0) 3 (0 0 0) 3 (0 0 0) 3 (0 0 0) 3 (0 0 0)
3 (-0.5 0 0) 3 (0 0.5 0.5) 3 (0.5 0 0) 3 (0 0 0) 3 (0 0.5 0) 3 (0 0 0) 3 (0 0 0) 3 (0 0 0) 3 (0 0 0) 3 (0 0 0) 3 (0 0 0.5) 3 (0 0 0) 3 (0 0 0) 3 (0 0 0) 3 (0 0 0) 3 (0 0 0) 3 (0 0 0) 3 (0 0 0) 3 (0 0 0) 3 (0 0 0) 3 (0 0 0) 3 (0 0 0) 3 (0 0 0) 3 (0 0 0) 3 (0 0 0) 3 (0 0 0) 3 (0 0 0)
3 (0 0 0) 3 (-0.5 0 0) 3 (-0.5 0.5 0.5) 3 (0 0 0) 3 (0 0 0) 3 (0 0.5 0) 3 (0 0 0) 3 (0 0 0) 3 (0 0 0) 3 (0 0 0) 3 (0 0 0) 3 (0 0 0.5) 3 (0 0 0) 3 (0 0 0) 3 (0 0 0) 3 (0 0 0) 3 (0 0 0) 3 (0 0 0) 3 (0 0 0) 3 (0 0 0) 3 (0 0 0) 3 (0 0 0) 3 (0 0 0) 3 (0 0 0) 3 (0 0 0) 3 (0 0 0) 3 (0 0 0)
3 (0 -0.5 0) 3 (0 0 0) 3 (0 0 0) 3 (0.5 0 0.5) 3 (0.5 0 0) 3 (0 0 0) 3 (0 0.5 0) 3 (0 0 0) 3 (0 0 0) 3 (0 0 0) 3 (0 0 0) 3 (0 0 0) 3 (0 0 0.5) 3 (0 0 0) 3 (0 0 0) 3 (0 0 0) 3 (0 0 0) 3 (0 0 0) 3 (0 0 0) 3 (0 0 0) 3 (0 0 0) 3 (0 0 0) 3 (0 0 0) 3 (0 0 0) 3 (0 0 0) 3 (0 0 0) 3 (0 0 0)
3 (0 0 0) 3 (0 -0.5 0) 3 (0 0 0) 3 (-0.5 0 0) 3 (0 0 0.5) 3 (0.5 0 0) 3 (0 0 0) 3 (0 0.5 0) 3 (0 0 0) 3 (0 0 0) 3 (0 0 0) 3 (0 0 0) 3 (0 0 0) 3 (0 0 0.5) 3 (0 0 0) 3 (0 0 0) 3 (0 0 0) 3 (0 0 0) 3 (0 0 0) 3 (0 0 0) 3 (0 0 0) 3 (0 0 0) 3 (0 0 0) 3 (0 0 0) 3 (0 0 0) 3 (0 0 0) 3 (0 0 0)
3 (0 0 0) 3 (0 0 0) 3 (0 -0.5 0) 3 (0 0 0) 3 (-0.5 0 0) 3 (-0.5 0 0.5) 3 (0 0 0) 3 (0 0 0) 3 (0 0.5 0) 3 (0 0 0) 3 (0 0 0) 3 (0 0 0) 3 (0 0 0) 3 (0 0 0) 3 (0 0 0.5) 3 (0 0 0) 3 (0 0 0) 3 (0 0 0) 3 (0 0 0) 3 (0 0 0) 3 (0 0 0) 3 (0 0 0) 3 (0 0 0) 3 (0 0 0) 3 (0 0 0) 3 (0 0 0) 3 (0 0 0)
3 (0 0 0) 3 (0 0 0) 3 (0 0 0) 3 (0 -0.5 0) 3 (0 0 0) 3 (0 0 0) 3 (0.5 -0.5 0.5) 3 (0.5 0 0) 3 (0 0 0) 3 (0 0 0) 3 (0 0 0) 3 (0 0 0) 3 (0 0 0) 3 (0 0 0) 3 (0 0 0) 3 (0 0 0.5) 3 (0 0 0) 3 (0 0 0) 3 (0 0 0) 3 (0 0 0) 3 (0 0 0) 3 (0 0 0) 3 (0 0 0) 3 (0 0 0) 3 (0 0 0) 3 (0 0 0) 3 (0 0 0)
3 (0 0 0) 3 (0 0 0) 3 (0 0 0) 3 (0 0 0) 3 (0 -0.5 0) 3 (0 0 0) 3 (-0.5 0 0) 3 (0 -0.5 0.5) 3 (0.5 0 0) 3 (0 0 0) 3 (0 0 0) 3 (0 0 0) 3 (0 0 0) 3 (0 0 0) 3 (0 0 0) 3 (0 0 0) 3 (0 0 0.5) 3 (0 0 0) 3 (0 0 0) 3 (0 0 0) 3 (0 0 0) 3 (0 0 0) 3 (0 0 0) 3 (0 0 0) 3 (0 0 0) 3 (0 0 0) 3 (0 0 0)
3 (0 0 0) 3 (0 0 0) 3 (0 0 0) 3 (0 0 0) 3 (0 0 0) 3 (0 -0.5 0) 3 (0 0 0) 3 (-0.5 0 0) 3 (-0.5 -0.5 0.5) 3 (0 0 0) 3 (0 0 0) 3 (0 0 0) 3 (0 0 0) 3 (0 0 0) 3 (0 0 0) 3 (0 0 0) 3 (0 0 0) 3 (0 0 0.5) 3 (0 0 0) 3 (0 0 0) 3 (0 0 0) 3 (0 0 0) 3 (0 0 0) 3 (0 0 0) 3 (0 0 0) 3 (0 0 0) 3 (0 0 0)
3 (0 0 -0.5) 3 (0 0 0) 3 (0 0 0) 3 (0 0 0) 3 (0 0 0) 3 (0 0 0) 3 (0 0 0) 3 (0 0 0) 3 (0 0 0) 3 (0.5 0.5 0) 3 (0.5 0 0) 3 (0 0 0) 3 (0 0.5 0) 3 (0 0 0) 3 (0 0 0) 3 (0 0 0) 3 (0 0 0) 3 (0 0 0) 3 (0 0 0.5) 3 (0 0 0) 3 (0 0 0) 3 (0 0 0) 3 (0 0 0) 3 (0 0 0) 3 (0 0 0) 3 (0 0 0) 3 (0 0 0)
3 (0 0 0) 3 (0 0 -0.5) 3 (0 0 0) 3 (0 0 0) 3 (0 0 0) 3 (0 0 0) 3 (0 0 0) 3 (0 0 0) 3 (0 0 0) 3 (-0.5 0 0) 3 (0 0.5 0) 3 (0.5 0 0) 3 (0 0 0) 3 (0 0.5 0) 3 (0 0 0) 3 (0 0 0) 3 (0 0 0) 3 (0 0 0) 3 (0 0 0) 3 (0 0 0.5) 3 (0 0 0) 3 (0 0 0) 3 (0 0 0) 3 (0 0 0) 3 (0 0 0) 3 (0 0 0) 3 (0 0 0)
3 (0 0 0) 3 (0 0 0) 3 (0 0 -0.5) 3 (0 0 0) 3 (0 0 0) 3 (0 0 0) 3 (0 0 0) 3 (0 0 0) 3 (0 0 0) 3 (0 0 0) 3 (-0.5 0 0) 3 (-0.5 0.5 0) 3 (0 0 0) 3 (0 0 0) 3 (0 0.5 0) 3 (0 0 0) 3 (0 0 0) 3 (0 0 0) 3 (0 0 0) 3 (0 0 0) 3 (0 0 0.5) 3 (0 0 0) 3 (0 0 0) 3 (0 0 0) 3 (0 0 0) 3 (0 0 0) 3 (0 0 0)
3 (0 0 0) 3 (0 0 0) 3 (0 0 0) 3 (0 0 -0.5) 3 (0 0 0) 3 (0 0 0) 3 (0 0 0) 3 (0 0 0) 3 (0 0 0) 3 (0 -0.5 0) 3 (0 0 0) 3 (0 0 0) 3 (0.5 0 0) 3 (0.5 0 0) 3 (0 0 0) 3 (0 0.5 0) 3 (0 0 0) 3 (0 0 0) 3 (0 0 0) 3 (0 0 0) 3 (0 0 0) 3 (0 0 0.5) 3 (0 0 0) 3 (0 0 0) 3 (0 0 0) 3 (0 0 0) 3 (0 0 0)
3 (0 0 0) 3 (0 0 0) 3 (0 0 0) 3 (0 0 0) 3 (0 0 -0.5) 3 (0 0 0) 3 (0 0 0) 3 (0 0 0) 3 (0 0 0) 3 (0 0 0) 3 (0 -0.5 0) 3 (0 0 0) 3 (-0.5 0 0) 3 (0 0 0) 3 (0.5 0 0) 3 (0 0 0) 3 (0 0.5 0) 3 (0 0 0) 3 (0 0 0) 3 (0 0 0) 3 (0 0 0) 3 (0 0 0) 3 (0 0 0.5) 3 (0 0 0) 3 (0 0 0) 3 (0 0 0) 3 (0 0 0)
3 (0 0 0) 3 (0 0 0) 3 (0 0 0) 3 (0 0 0) 3 (0 0 0) 3 (0 0 -0.5) 3 (0 0 0) 3 (0 0 0) 3 (0 0 0) 3 (0 0 0) 3 (0 0 0) 3 (0 -0.5 0) 3 (0 0 0) 3 (-0.5 0 0) 3 (-0.5 0 0) 3 (0 0 0) 3 (0 0 0) 3 (0 0.5 0) 3 (0 0 0) 3 (0 0 0) 3 (0 0 0) 3 (0 0 0) 3 (0 0 0) 3 (0 0 0.5) 3 (0 0 0) 3 (0 0 0) 3 (0 0 0)
3 (0 0 0) 3 (0 0 0) 3 (0 0 0) 3 (0 0 0) 3 (0 0 0) 3 (0 0 0) 3 (0 0 -0.5) 3 (0 0 0) 3 (0 0 0) 3 (0 0 0) 3 (0 0 0) 3 (0 0 0) 3 (0 -0.5 0) 3 (0 0 0) 3 (0 0 0) 3 (0.5 -0.5 0) 3 (0.5 0 0) 3 (0 0 0) 3 (0 0 0) 3 (0 0 0) 3 (0 0 0) 3 (0 0 0) 3 (0 0 0) 3 (0 0 0) 3 (0 0 0.5) 3 (0 0 0) 3 (0 0 0)
3 (0 0 0) 3 (0 0 0) 3 (0 0 0) 3 (0 0 0) 3 (0 0 0) 3 (0 0 0) 3 (0 0 0) 3 (0 0 -0.5) 3 (0 0 0) 3 (0 0 0) 3 (0 0 0) 3 (0 0 0) 3 (0 0 0) 3 (0 -0.5 0) 3 (0 0 0) 3 (-0.5 0 0) 3 (0 -0.5 0) 3 (0.5 0 0) 3 (0 0 0) 3 (0 0 0) 3 (0 0 0) 3 (0 0 0) 3 (0 0 0) 3 (0 0 0) 3 (0 0 0) 3 (0 0 0.5) 3 (0 0 0)
3 (0 0 0) 3 (0 0 0) 3 (0 0 0) 3 (0 0 0) 3 (0 0 0) 3 (0 0 0) 3 (0 0 0) 3 (0 0 0) 3 (0 0 -0.5) 3 (0 0 0) 3 (0 0 0) 3 (0 0 0) 3 (0 0 0) 3 (0 0 0) 3 (0 -0.5 0) 3 (0 0 0) 3 (-0.5 0 0) 3 (-0.5 -0.5 0) 3 (0 0 0) 3 (0 0 0) 3 (0 0 0) 3 (0 0 0) 3 (0 0 0) 3 (0 0 0) 3 (0 0 0) 3 (0 0 0) 3 (0 0 0.5)
3 (0 0 0) 3 (0 0 0) 3 (0 0 0) 3 (0 0 0) 3 (0 0 0) 3 (0 0 0) 3 (0 0 0) 3 (0 0 0) 3 (0 0 0) 3 (0 0 -0.5) 3 (0 0 0) 3 (0 0 0) 3 (0 0 0) 3 (0 0 0) 3 (0 0 0) 3 (0 0 0) 3 (0 0 0) 3 (0 0 0) 3 (0.5 0.5 -0.5) 3 (0.5 0 0) 3 (0 0 0) 3 (0 0.5 0) 3 (0 0 0) 3 (0 0 0) 3 (0 0 0) 3 (0 0 0) 3 (0 0 0)
3 (0 0 0) 3 (0 0 0) 3 (0 0 0) 3 (0 0 0) 3 (0 0 0) 3 (0 0 0) 3 (0 0 0) 3 (0 0 0) 3 (0 0 0) 3 (0 0 0) 3 (0 0 -0.5) 3 (0 0 0) 3 (0 0 0) 3 (0 0 0) 3 (0 0 0) 3 (0 0 0) 3 (0 0 0) 3 (0 0 0) 3 (-0.5 0 0) 3 (0 0.5 -0.5) 3 (0.5 0 0) 3 (0 0 0) 3 (0 0.5 0) 3 (0 0 0) 3 (0 0 0) 3 (0 0 0) 3 (0 0 0)
3 (0 0 0) 3 (0 0 0) 3 (0 0 0) 3 (0 0 0) 3 (0 0 0) 3 (0 0 0) 3 (0 0 0) 3 (0 0 0) 3 (0 0 0) 3 (0 0 0) 3 (0 0 0) 3 (0 0 -0.5) 3 (0 0 0) 3 (0 0 0) 3 (0 0 0) 3 (0 0 0) 3 (0 0 0) 3 (0 0 0) 3 (0 0 0) 3 (-0.5 0 0) 3 (-0.5 0.5 -0.5) 3 (0 0 0) 3 (0 0 0) 3 (0 0.5 0) 3 (0 0 0) 3 (0 0 0) 3 (0 0 0)
3 (0 0 0) 3 (0 0 0) 3 (0 0 0) 3 (0 0 0) 3 (0 0 0) 3 (0 0 0) 3 (0 0 0) 3 (0 0 0) 3 (0 0 0) 3 (0 0 0) 3 (0 0 0) 3 (0 0 0) 3 (0 0 -0.5) 3 (0 0 0) 3 (0 0 0) 3 (0 0 0) 3 (0 0 0) 3 (0 0 0) 3 (0 -0.5 0) 3 (0 0 0) 3 (0 0 0) 3 (0.5 0 -0.5) 3 (0.5 0 0) 3 (0 0 0) 3 (0 0.5 0) 3 (0 0 0) 3 (0 0 0)
3 (0 0 0) 3 (0 0 0) 3 (0 0 0) 3 (0 0 0) 3 (0 0 0) 3 (0 0 0) 3 (0 0 0) 3 (0 0 0) 3 (0 0 0) 3 (0 0 0) 3 (0 0 0) 3 (0 0 0) 3 (0 0 0) 3 (0 0 -0.5) 3 (0 0 0) 3 (0 0 0) 3 (0 0 0) 3 (0 0 0) 3 (0 0 0) 3 (0 -0.5 0) 3 (0 0 0) 3 (-0.5 0 0) 3 (0 0 -0.5) 3 (0.5 0 0) 3 (0 0 0) 3 (0 0.5 0) 3 (0 0 0)
3 (0 0 0) 3 (0 0 0) 3 (0 0 0) 3 (0 0 0) 3 (0 0 0) 3 (0 0 0) 3 (0 0 0) 3 (0 0 0) 3 (0 0 0) 3 (0 0 0) 3 (0 0 0) 3 (0 0 0) 3 (0 0 0) 3 (0 0 0) 3 (0 0 -0.5) 3 (0 0 0) 3 (0 0 0) 3 (0 0 0) 3 (0 0 0) 3 (0 0 0) 3 (0 -0.5 0) 3 (0 0 0) 3 (-0.5 0 0) 3 (-0.5 0 -0.5) 3 (0 0 0) 3 (0 0 0) 3 (0 0.5 0)
3 (0 0 0) 3 (0 0 0) 3 (0 0 0) 3 (0 0 0) 3 (0 0 0) 3 (0 0 0) 3 (0 0 0) 3 (0 0 0) 3 (0 0 0) 3 (0 0 0) 3 (0 0 0) 3 (0 0 0) 3 (0 0 0) 3 (0 0 0) 3 (0 0 0) 3 (0 0 -0.5) 3 (0 0 0) 3 (0 0 0) 3 (0 0 0) 3 (0 0 0) 3 (0 0 0) 3 (0 -0.5 0) 3 (0 0 0) 3 (0 0 0) 3 (0.5 -0.5 -0.5) 3 (0.5 0 0) 3 (0 0 0)
3 (0 0 0) 3 (0 0 0) 3 (0 0 0) 3 (0 0 0) 3 (0 0 0) 3 (0 0 0) 3 (0 0 0) 3 (0 0 0) 3 (0 0 0) 3 (0 0 0) 3 (0 0 0) 3 (0 0 0) 3 (0 0 0) 3 (0 0 0) 3 (0 0 0) 3 (0 0 0) 3 (0 0 -0.5) 3 (0 0 0) 3 (0 0 0) 3 (0 0 0) 3 (0 0 0) 3 (0 0 0) 3 (0 -0.5 0) 3 (0 0 0) 3 (-0.5 0 0) 3 (0 -0.5 -0.5) 3 (0.5 0 0)
3 (0 0 0) 3 (0 0 0) 3 (0 0 0) 3 (0 0 0) 3 (0 0 0) 3 (0 0 0) 3 (0 0 0) 3 (0 0 0) 3 (0 0 0) 3 (0 0 0) 3 (0 0 0) 3 (0 0 0) 3 (0 0 0) 3 (0 0 0) 3 (0 0 0) 3 (0 0 0) 3 (0 0 0) 3 (0 0 -0.5) 3 (0 0 0) 3 (0 0 0) 3 (0 0 0) 3 (0 0 0) 3 (0 0 0) 3 (0 -0.5 0) 3 (0 0 0) 3 (-0.5 0 0) 3 (-0.5 -0.5 -0.5)
 Matrix 27 X 3
3 (0 0 0) 3 (0 0 0) 3 (0 0 0)
3 (0 0 0) 3 (0 0 0) 3 (0 0 0)
3 (0 0 0) 3 (0 0 0) 3 (0 0 0)
3 (0 0 0) 3 (0 0 0) 3 (0 0 0)
3 (0 0 0) 3 (0 0 0) 3 (0 0 0)
3 (0 0 0) 3 (0 0 0) 3 (0 0 0)
3 (0 0 0) 3 (0 0 0) 3 (0 0 0)
3 (0 0 0) 3 (0 0 0) 3 (0 0 0)
3 (0 0 0) 3 (0 0 0) 3 (0 0 0)
3 (0 0 0) 3 (0 0 0) 3 (0 0 0)
3 (0 0 0) 3 (0 0 0) 3 (0 0 0)
3 (0 0 0) 3 (0 0 0) 3 (0 0 0)
3 (0 0 0) 3 (0 0 0) 3 (0 0 0)
3 (0 0 0) 3 (0 0 0) 3 (0 0 0)
3 (0 0 0) 3 (0 0 0) 3 (0 0 0)
3 (0 0 0) 3 (0 0 0) 3 (0 0 0)
3 (0 0 0) 3 (0 0 0) 3 (0 0 0)
3 (0 0 0) 3 (0 0 0) 3 (0 0 0)
3 (0 0 1) 3 (0 0 0) 3 (0 0 0)
3 (0 0 1) 3 (0 0 0) 3 (0 0 0)
3 (0 0 1) 3 (0 0 0) 3 (0 0 0)
3 (0 0 1) 3 (0 0 0) 3 (0 0 0)
3 (0 0 1) 3 (0 0 0) 3 (0 0 0)
3 (0 0 1) 3 (0 0 0) 3 (0 0 0)
3 (0 0 1) 3 (0 0 0) 3 (0 0 0)
3 (0 0 1) 3 (0 0 0) 3 (0 0 0)
3 (0 0 1) 3 (0 0 0) 3 (0 0 0)
)
gradP
CellGradField P
CellGradField 27 X 1
3 (0 0 0)
3 (0 0 0)
3 (0 0 0)
3 (0 0 0)
3 (0 0 0)
3 (0 0 0)
3 (0 0 0)
3 (0 0 0)
3 (0 0 0)
3 (0 0 0)
3 (0 0 0)
3 (0 0 0)
3 (0 0 0)
3 (0 0 0)
3 (0 0 0)
3 (0 0 0)
3 (0 0 0)
3 (0 0 0)
3 (0 0 0)
3 (0 0 0)
3 (0 0 0)
3 (0 0 0)
3 (0 0 0)
3 (0 0 0)
3 (0 0 0)
3 (0 0 0)
3 (0 0 0)

